-1 -7 18
-4 -11 -6
12 7 -11
-19 3 -6
-2 16 2
-7 31 -1
-4 1 9
-4 -9 -10
-2 -6 12
-10 0 6
-3 9 -4
-6 -6 -12
9 13 -4
-4 -6 4
6 15 -3
-2 9 5
9 -5 -6
-12 -4 -8
4 -7 1
5 10 0
-3 -6 7
1 -2 10
4 0 -10
-15 2 7
11 10 -9
-6 6 -10
16 16 8
5 1 8
5 -13 -13
5 10 -7
-15 8 -10
0 6 4
-4 7 -1
-5 8 12
-10 5 -4
-17 12 7
3 4 -1
-3 -11 -12
6 10 3
-5 -1 -5
4 -20 7
-3 11 6
-4 0 2
-11 -6 0
5 1 12
8 -2 -1
-16 10 12
20 -8 -3
-7 15 -13
2 -3 -7
20 -10 -7
2 -3 0
-5 -2 5
-1 -9 1
-5 -2 -4
-3 14 0
10 -3 6
2 8 4
2 3 15
-6 14 6
16 -9 1
5 7 -3
1 -10 7
-13 -13 18
-6 -7 -9
3 -3 2
-2 -12 -11
3 -13 -18
9 12 -6
3 1 15
-10 -3 -10
