-19 -12 -31 0 0 0 0 0 0 0
-14 0 -14 0 0 -12 -12 -12 -12 0
5 10 15 -12 0 -12 0 -12 0 -12
1 5 6 -12 -12 -5 -5 -17 -17 0
6 -14 -8 -7 -12 -12 -8 0 4 5
-14 5 -9 0 -7 -6 10 11 -6 -8
-8 20 12 10 1 -2 -3 -2 -4 9
1 -23 -22 13 1 7 12 9 20 3
-25 -11 -36 9 13 2 21 4 8 12
-1 12 11 4 9 -3 2 -9 1 21
-13 6 -7 2 -9 0 8 7 20 -2
8 -6 2 6 1 25 6 5 3 7
2 -12 -10 0 -1 1 3 11 25 -2
-9 1 -8 11 1 13 27 0 3 3
15 -1 14 -16 -8 -15 -17 -5 -15 8
8 -6 2 -2 9 7 0 23 7 14
12 1 13 21 23 15 13 20 13 0
20 -5 15 8 7 9 -1 -10 1 -13
8 -14 -6 9 -6 13 7 -7 15 1
-12 -3 -15 2 8 1 22 8 20 6
-15 0 -15 1 -5 10 1 -9 -4 15
2 1 3 -9 1 -4 -5 10 15 1
4 1 5 10 13 16 17 3 2 3
1 7 8 -7 -12 -5 -8 -5 -2 -5
4 -2 2 1 3 5 -1 2 2 8
2 2 4 2 3 6 5 11 8 1
-11 17 6 2 6 1 1 -1 -1 -4
0 7 7 1 -2 9 16 11 6 -1
6 -4 2 -12 -5 -10 -17 -7 -14 -7
18 8 26 -7 -5 1 -8 -1 -4 2
-15 7 -8 1 7 -5 -4 2 1 8
-17 3 -14 2 1 8 14 2 15 -4
-14 12 -2 0 0 0 0 0 0 0
-8 10 2 0 0 12 12 12 12 0
-3 7 4 -2 0 8 -4 8 -4 -2
-1 10 9 8 12 3 7 15 5 4
2 -15 -13 1 8 -1 6 -3 -2 -7
0 -11 -11 -3 1 10 0 -5 1 6
3 6 9 -5 -3 1 1 6 10 0
11 -5 6 -4 5 6 3 -3 -4 -1
3 7 10 -7 -6 7 -2 1 8 -3
-5 -8 -13 -5 3 7 3 6 2 2
-19 -3 -22 6 -5 -2 -3 -1 2 3
0 0 0 -1 6 -1 -8 -5 0 -3
2 -10 -8 -1 -1 6 6 -1 -1 0
-18 -5 -23 -1 -1 1 1 2 8 6
-3 -19 -22 2 -1 3 -6 -4 1 1
-14 5 -9 -4 2 -4 -2 -2 0 -6
-2 4 2 -2 -4 5 7 1 -1 -2
-7 -15 -22 -8 -6 -6 -9 0 -6 -2
-5 16 11 0 -8 -13 -13 -9 -13 -9
-8 5 -3 11 2 3 8 3 7 11
-6 6 0 3 6 7 2 3 11 3
13 -1 12 1 1 15 10 11 7 0
-8 -1 -9 -9 1 -8 -2 -8 6 -10
-9 17 8 -8 -9 5 0 -9 -11 -2
-11 -5 -16 -8 -9 -2 0 14 7 0
-7 2 -5 14 -2 2 -4 -7 -5 0
-9 24 15 9 14 -3 0 4 2 -4
-5 -10 -15 9 4 11 23 6 5 0
3 -8 -5 -2 1 -9 -8 -7 -2 15
-3 12 9 -7 -2 4 1 18 7 -5
8 5 13 8 17 9 0 6 -3 -1
11 8 19 8 6 12 9 1 4 0
5 5 10 0 0 0 0 0 0 0
-7 -6 -13 0 0 -5 -5 -5 -5 0
1 -7 -6 -5 0 -7 -6 -7 -6 -5
3 -8 -5 -7 -5 1 -5 -4 -6 -6
6 -6 0 -4 -7 -2 -3 -3 4 -5
10 7 17 -3 -3 -1 10 1 4 0
14 4 18 -13 -9 -16 -13 -17 -18 -10
-18 -3 -21 0 -4 0 -9 -1 -7 13
0 -9 -9 -1 0 -10 -7 -3 10 -9
11 10 21 -3 -1 1 10 -9 -10 -7
1 0 1 -13 -19 -21 -22 -20 -19 -10
-7 -6 -13 -12 -13 -18 -18 -9 -10 1
0 1 1 -9 -12 -16 -17 -6 -5 -13
-2 8 6 -6 -5 -4 -5 -13 -12 1
-3 0 -3 -1 -7 -5 2 3 8 5
-11 5 -6 3 0 8 5 2 5 2
0 0 0 2 3 10 5 13 7 5
1 9 10 8 8 2 2 5 5 0
2 10 12 6 3 2 5 -1 -3 -2
9 -9 0 1 -6 -10 -4 -5 -9 -5
-3 -11 -14 1 1 3 0 4 -1 0
-10 12 2 4 1 -2 -4 -3 0 0
3 7 10 6 4 12 13 10 12 2
16 0 16 -7 -3 -4 -8 -4 -8 -10
9 11 20 1 4 5 0 -2 4 8
0 12 12 1 -2 -5 -5 -3 -1 0
19 -5 14 6 2 4 3 0 5 5
12 0 12 3 -3 4 7 7 6 -3
7 7 14 -4 0 -10 -1 -10 -3 -7
3 12 15 -3 -9 -6 -6 -13 -13 1
-1 0 -1 3 -7 -10 -6 -3 4 6
-1 16 15 2 3 4 3 5 6 -1
-1 -7 -8 0 0 0 0 0 0 0
-3 -15 -18 0 0 -1 -1 -1 -1 0
-15 -3 -18 -1 0 -3 -4 -3 -4 -1
-10 7 -3 -3 -1 -7 -3 -6 -4 -4
0 8 8 -6 -3 3 6 0 3 -3
-10 11 1 -12 -6 -3 -9 -3 -9 -6
6 4 10 -3 -2 2 5 8 5 1
1 4 5 -7 3 -6 -4 -8 -7 -5
-18 -1 -19 -3 -4 3 6 -3 -2 4
1 8 9 -3 -3 -3 -5 2 3 6
9 -3 6 2 7 7 1 3 10 5
16 15 31 1 2 9 12 7 9 -1
13 3 16 -11 -5 -19 -18 -19 -18 -12
1 -7 -6 5 -3 8 -2 1 -6 16
-1 -1 -2 1 5 -2 -5 17 9 -2
0 -22 -22 17 15 8 8 -3 -3 -2
-1 0 -1 -3 17 15 -3 -2 8 8
0 16 16 -2 -3 16 17 15 14 -1
-5 -11 -16 -18 -2 -3 -19 -1 -17 -16
-3 -2 -5 -1 -17 -7 -13 -14 -8 -16
-8 -1 -9 -6 -1 -10 -11 -9 -10 -5
-3 -10 -13 -9 -6 -9 -2 -11 -6 -9
2 -8 -6 -11 -9 -9 -9 -12 -12 -2
-2 -3 -5 -12 -11 -7 -10 0 -7 -6
-6 -4 -10 0 -5 -10 -9 -8 -9 -5
1 13 14 -8 0 -11 -9 -11 -9 -9
0 7 7 1 -2 -1 8 -3 -1 9
11 -9 2 -7 -11 -9 -10 -6 1 -7
-2 -4 -6 -5 -4 0 12 4 2 2
-6 21 15 -2 -8 -8 -6 -6 -8 6
17 -10 7 4 0 4 4 4 18 6
11 14 25 0 0 6 24 12 10 -4
-13 -1 -14 0 0 0 0 0 0 0
3 -6 -3 0 0 -1 -1 -1 -1 0
-3 4 1 -1 0 3 2 3 2 -1
3 -16 -13 0 1 3 1 4 0 -1
0 5 5 4 0 4 3 2 6 1
3 -4 -1 1 -1 3 -2 1 -2 -3
4 -9 -5 1 1 2 1 0 6 -1
17 0 17 0 1 5 10 3 6 1
3 5 8 -10 -7 -9 -4 -9 -5 -10
1 12 13 -6 -5 -4 -6 -8 -9 4
13 6 19 0 -2 -4 0 1 9 6
-9 -6 -15 0 1 -4 3 0 -7 0
-3 1 -2 0 0 -8 -5 -9 -6 3
2 -15 -13 -2 0 -3 1 0 4 -2
-2 1 -1 0 -2 2 6 0 -1 1
3 16 19 -5 -5 -5 -6 -2 -3 1
16 -2 14 1 4 0 -2 -2 4 6
0 -5 -5 3 0 8 8 10 4 2
10 3 13 7 2 -3 1 0 5 5
0 -17 -17 6 -1 -2 1 1 -6 -1
21 0 21 1 6 -1 -6 -1 -2 1
-7 0 -7 7 5 12 4 7 5 6
-4 12 8 7 7 5 5 12 6 4
17 2 19 2 7 5 6 4 3 -5
-7 7 0 -4 -2 -1 -5 -13 -3 -6
-3 5 2 -4 -4 4 5 6 1 0
-2 -7 -9 -1 1 -1 -6 2 -2 -2
-8 14 6 2 -1 -1 -4 -4 -3 -6
1 8 9 6 0 9 11 11 6 4
9 5 14 -5 0 -6 -12 -3 -8 -9
-12 -17 -29 7 9 7 3 -2 1 12
10 -3 7 -2 7 -3 -8 0 -5 3
-3 3 0 9 11 -6 -2 -11 -7 6
-1 11 10 9 9 8 14 3 9 0
0 2 2 -5 -11 -4 -4 -5 -13 -10
-3 13 10 -3 -3 -11 -9 -2 -4 2
15 -5 10 6 7 8 9 1 14 9
-3 2 -1 -3 -8 3 10 5 4 -9
-5 3 -2 -4 -5 -3 -8 -4 -9 1
-1 11 10 -4 -4 -6 -2 0 4 -2
-16 12 -4 -2 2 7 -1 -3 1 2
5 -15 -10 -3 -2 13 14 19 14 -1
-2 -13 -15 15 5 -1 15 0 14 10
-5 -3 -8 0 15 3 12 8 -3 15
17 -14 3 4 -4 6 8 6 8 8
8 7 15 -4 -2 2 14 14 12 -3
12 -17 -5 -15 0 -10 -9 -20 -19 -14
4 -4 0 -20 -15 12 -7 -2 2 -5
0 -6 -6 -2 -2 -2 6 8 16 0
-17 -4 -21 8 2 10 16 0 -2 6
11 -15 -4 0 8 -6 -2 6 2 16
-8 0 -8 6 2 19 13 27 5 -2
-16 -20 -36 22 14 0 -3 14 6 8
3 -13 -10 14 22 -2 -6 -8 -12 -3
-3 6 3 4 14 25 9 0 1 -6
9 4 13 -5 -8 -1 8 19 10 -3
0 -4 -4 -2 11 -7 -2 -15 -13 -8
5 4 9 -6 -2 11 7 -8 -7 -2
0 -1 -1 -13 -15 -13 -14 -1 0 -7
-2 0 -2 -1 -2 -1 0 -7 -8 -1
-17 6 -11 -3 -1 -4 -2 -1 -1 0
