32767
32363
31163
29195
26508
23169
19259
14875
10124
5125
-1
-5128
-10127
-14878
-19262
-23172
-26511
-29198
-31166
-32366
-32769
-32366
-31166
-29198
-26511
-23172
-19262
-14878
-10127
-5128
-2
5125
10124
14875
19259
23169
26508
29195
31163
32363
32767
32363
31163
29195
26508
23169
19259
14875
10124
5125
-1
-5128
-10127
-14878
-19262
-23172
-26511
-29198
-31166
-32366
-32769
-32366
-31166
-29198
-26511
-23172
-19262
-14878
-10127
-5128
-2
5125
10124
14875
19259
23169
26508
29195
31163
32363
32767
32363
31163
29195
26508
23169
19259
14875
10124
5125
-1
-5128
-10127
-14878
-19262
-23172
-26511
-29198
-31166
-32366
-32769
-32366
-31166
-29198
-26511
-23172
-19262
-14878
-10127
-5128
-2
5125
10124
14875
19259
23169
26508
29195
31163
32363
32767
32363
31163
29195
26508
23169
19259
14875
10124
5125
-2
-5128
-10127
-14878
-19262
-23172
-26511
-29198
-31166
-32366
-32769
-32366
-31166
-29198
-26511
-23172
-19262
-14878
-10127
-5128
-2
5125
10124
14875
19259
23169
26508
29195
31163
32363
32767
32363
31163
29195
26508
23169
19259
14875
10124
5125
-2
-5128
-10127
-14878
-19262
-23172
-26511
-29198
-31166
-32366
-32769
-32366
-31166
-29198
-26511
-23172
-19262
-14878
-10127
-5128
-2
5125
10124
14875
19259
23169
26508
29195
31163
32363
32767
32363
31163
29195
26508
23169
19259
14875
10124
5125
-2
-5128
-10127
-14878
-19262
-23172
-26511
-29198
-31166
-32366
-32769
-32366
-31166
-29198
-26511
-23172
-19262
-14878
-10127
-5128
-2
5125
10124
14875
19259
23169
26508
29195
31163
32363
32767
32363
31163
29195
26508
23169
19259
14875
10124
5125
-2
-5128
-10127
-14878
-19262
-23172
-26511
-29198
-31166
-32366
-32769
-32366
-31166
-29198
-26511
-23172
-19262
-14878
-10127
-5128
-2
5125
10124
14875
19259
23169
26508
29195
31163
32363
32767
32363
31163
29195
26508
23169
19259
14875
10124
5125
-2
-5128
-10127
-14878
-19262
-23172
-26511
-29198
-31166
-32366
-32769
-32366
-31166
-29198
-26511
-23172
-19262
-14878
-10127
-5128
-2
5125
10124
14875
19259
23169
26508
29195
31163
32363
32767
32363
31163
29195
26508
23169
19259
14875
10124
5125
-1
-5128
-10127
-14878
-19262
-23172
-26511
-29198
-31166
-32366
-32769
-32366
-31166
-29198
-26511
-23172
-19262
-14878
-10127
-5128
-2
5125
10124
14875
19259
23169
26508
29195
31163
32363
32767
32363
31163
29195
26508
23169
19259
14875
10124
5125
-1
-5128
-10127
-14878
-19262
-23172
-26511
-29198
-31166
-32366
-32769
-32366
-31166
-29198
-26511
-23172
-19262
-14878
-10127
-5128
-2
5125
10124
14875
19259
23169
26508
29195
31163
32363
32767
32363
31163
29195
26508
23169
19259
14875
10124
5125
-1
-5128
-10127
-14878
-19262
-23172
-26511
-29198
-31166
-32366
-32769
-32366
-31166
-29198
-26511
-23172
-19262
-14878
-10127
-5128
-2
5125
10124
14875
19259
23169
26508
29195
31163
32363
32767
32363
31163
29195
26508
23169
19259
14875
10124
5125
-1
-5128
-10127
-14878
-19262
-23172
-26511
-29198
-31166
-32366
-32769
-32366
-31166
-29198
-26511
-23172
-19262
-14878
-10127
-5128
-1
5125
10124
14875
19259
23169
26508
29195
31163
32363
32767
32363
31163
29195
26508
23169
19259
14875
10124
5125
-1
-5128
-10127
-14878
-19262
-23172
-26511
-29198
-31166
-32366
-32769
-32366
-31166
-29198
-26511
-23172
-19262
-14878
-10127
-5128
-2
5125
10124
14875
19259
23169
26508
29195
31163
32363
32767
32363
31163
29195
26508
23169
19259
14875
10124
5125
-1
-5128
-10127
-14878
-19262
-23172
-26511
-29198
-31166
-32366
-32769
-32366
-31166
-29198
-26511
-23172
-19262
-14878
-10127
-5128
-1
5125
10124
14875
19259
23169
26508
29195
31163
32363
32767
32363
31163
29195
26508
23169
19259
14875
10124
5125
-1
-5128
-10127
-14878
-19262
-23172
-26511
-29198
-31166
-32366
-32769
-32366
-31166
-29198
-26511
-23172
-19262
-14878
-10127
-5128
-2
5125
10124
14875
19259
23169
26508
29195
31163
32363
32767
32363
31163
29195
26508
23169
19259
14875
10124
5125
-1
-5128
-10127
-14878
-19262
-23172
-26511
-29198
-31166
-32366
-32769
-32366
-31166
-29198
-26511
-23172
-19262
-14878
-10127
-5128
-1
5125
10124
14875
19259
23169
26508
29195
31163
32363
32767
32363
31163
29195
26508
23169
19259
14875
10124
5125
-1
-5128
-10127
-14878
-19262
-23172
-26511
-29198
-31166
-32366
-32769
-32366
-31166
-29198
-26511
-23172
-19262
-14878
-10127
-5128
-2
5125
10124
14875
19259
23169
26508
29195
31163
32363
32767
32363
31163
29195
26508
23169
19259
14875
10124
5125
-1
-5128
-10127
-14878
-19262
-23172
-26511
-29198
-31166
-32366
-32769
-32366
-31166
-29198
-26511
-23172
-19262
-14878
-10127
-5128
-1
5125
10124
14875
19259
23169
26508
29195
31163
32363
32767
32363
31163
29195
26508
23169
19259
14875
10124
5125
-1
-5128
-10127
-14878
-19262
-23172
-26511
-29198
-31166
-32366
-32769
-32366
-31166
-29198
-26511
-23172
-19262
-14878
-10127
-5128
-2
5125
10124
14875
19259
23169
26508
29195
31163
32363
32767
32363
31163
29195
26508
23169
19259
14875
10124
5125
-1
-5128
-10127
-14878
-19262
-23172
-26511
-29198
-31166
-32366
-32769
-32366
-31166
-29198
-26511
-23172
-19262
-14878
-10127
-5128
-1
5125
10124
14875
19259
23169
26508
29195
31163
32363
32767
