99378
12429883
-2746121
-14591105
-16224714
-12262412
-9850699
13856956
14185303
158717
16399693
15570144
6045839
378260
12164405
-6884585
12211888
15853341
13527141
8974542
309187
-13578842
10385988
-10168247
-10123651
-2383997
12545964
-6036403
-9913383
-9559536
-7635691
-10440456
-10250543
15779479
4292834
-6974035
15395383
-1502645
-15747644
14150696
-3543889
1353066
-9377467
-15415124
-282939
12035459
-2319756
-10475689
-3548375
1822415
-858966
8655507
6546696
12710074
-16409997
-5650782
-16627580
12327294
2651291
3364440
-392885
11220198
13285717
11064546
318291
15688242
-12238976
7899326
7586228
12502291
-4181481
-13227062
-16732260
726479
-10717258
113780
-7968915
6468736
-5955007
13296652
-16477197
5145464
16108211
-12421578
489407
1199295
-4506368
7867767
13291166
2750136
3954725
6179051
-12581579
-10335269
15828556
-4411628
8415924
39325
5878037
-9258551
2392248
-15668626
11802116
-10743990
7998779
10952411
974594
-6132623
10687156
-6051381
-5053680
14042110
-12037558
-10406936
-14847227
-3959025
-4555724
-7017960
7444096
-5961042
1946153
10468130
9608430
1293952
-7634940
9652334
-891217
-2168681
16248433
-12464664
8800870
13810280
-15281200
-2833156
-11666851
6460115
8324905
10127039
6311439
2556251
-2516666
-20186
-7711788
-13853067
767979
-158863
-13267291
2964729
-368845
-5544540
-8207352
16349361
13073665
-15429844
5193241
9774606
3713700
-343903
3335602
-2775308
-11001722
12526755
7215286
-5396302
-11466743
-11375650
3580024
12472074
577410
12580908
14396482
-12431253
-16276400
11332305
-3066876
15992634
-1919213
16275938
-2382057
2882634
-7639544
9334979
-11711701
2223720
-5822077
-9125945
9383755
-599282
6536835
-15040781
530187
16452660
